%% Optimization method: GA
%% Optimization settings: 
%% Number of generations: 50
%% Population size: 20
%% Tournament selection rate: 0.90
%% Tournament size: 5
%% Crossover probability: 1.00
%% Relative mutation rate: 2.50
%% Creep mutation rate: 0.50
%% RunID, BestFitness(=1/fc), AverageFitness, [variables], IndexOfTheVariableVector, NumberOfEvaluatedIndividuals 
%% Road file name C:\Sina\EA performance code\Road2\Data\Roads\ModifiedSplineFit\Road2.xml
  0    0.201149    0.071020 [8 8 8 7 1 6 3 0]       1961009   1000
  1    0.201756    0.082410 [8 7 8 6 1 7 3 0]       2019320   1000
  2    0.201303    0.074673 [8 2 3 5 6 8 8 0]       4767200   1000
  3    0.201343    0.078278 [8 6 7 5 1 7 5 0]       3081383   1000
  4    0.201595    0.076243 [8 6 8 2 3 8 5 0]       3151448   1000
  5    0.201788    0.074033 [8 8 8 7 0 7 3 0]       2013497   1000
  6    0.201321    0.079372 [8 5 8 5 1 8 5 0]       3140504   1000
  7    0.201400    0.082878 [8 6 7 6 2 7 3 0]       2025791   1000
  8    0.200981    0.079095 [8 7 2 6 6 7 3 0]       2051639   1000
  9    0.201912    0.075956 [8 8 7 3 1 7 6 0]       3611384   1000
 10    0.201530    0.076181 [8 2 2 7 6 8 7 0]       4237136   1000
 11    0.201605    0.078809 [8 7 7 1 3 8 6 0]       3682088   1000
 12    0.201051    0.075017 [8 0 4 7 6 7 8 0]       4709672   1000
 13    0.201381    0.074899 [8 2 8 5 6 8 3 0]       2110400   1000
 14    0.201358    0.077812 [8 1 2 8 7 8 7 0]       4244417   1000
 15    0.201321    0.067347 [8 5 8 5 1 8 5 0]       3140504   1000
 16    0.201381    0.072403 [8 2 8 5 6 8 3 0]       2110400   1000
 17    0.201745    0.086003 [8 8 7 1 2 8 7 0]       4206977   1000
 18    0.201069    0.072391 [8 7 7 0 3 8 8 0]       4744241   1000
 19    0.201479    0.081466 [8 6 7 3 1 8 7 0]       4201856   1000
 20    0.201425    0.080672 [8 1 8 5 6 8 4 0]       2641832   1000
 21    0.201667    0.074389 [8 7 8 1 2 8 7 0]       4207049   1000
 22    0.201127    0.075849 [8 0 8 5 5 8 6 0]       3698144   1000
 23    0.200895    0.079513 [8 1 8 6 3 8 6 0]       3685760   1000
 24    0.201216    0.084653 [8 2 3 7 6 7 6 0]       3646727   1000
 25    0.201510    0.088072 [8 7 6 3 2 7 6 0]       3617855   1000
 26    0.201612    0.075892 [8 8 7 1 3 7 6 0]       3623048   1000
 27    0.201617    0.075721 [8 8 7 8 1 7 2 0]       1489265   1000
 28    0.201277    0.078295 [8 2 6 7 7 8 2 0]       1586816   1000
 29    0.201916    0.076695 [8 8 8 4 1 8 4 0]       2608361   1000
 30    0.201405    0.076907 [8 2 7 7 1 7 7 0]       4145687   1000
 31    0.201032    0.084141 [8 1 3 5 8 8 8 0]       4780313   1000
 32    0.201041    0.083375 [8 8 7 8 2 6 2 0]       1436777   1000
 33    0.201228    0.075264 [8 7 7 2 3 8 5 0]       3151376   1000
 34    0.201064    0.081290 [8 7 2 7 5 7 3 0]       2045807   1000
 35    0.200703    0.069685 [8 8 7 8 0 8 2 1]       6324722   1000
 36    0.200555    0.075282 [8 1 3 6 8 7 7 0]       4190552   1000
 37    0.200638    0.076919 [8 4 6 6 2 8 5 0]       3147623   1000
 38    0.201745    0.079829 [8 8 7 1 2 8 7 0]       4206977   1000
 39    0.200922    0.074913 [8 7 1 7 5 7 4 0]       2577167   1000
 40    0.201560    0.075828 [8 7 6 7 0 8 4 0]       2603816   1000
 41    0.201245    0.079406 [8 6 6 7 2 7 3 0]       2026439   1000
 42    0.200693    0.073366 [8 2 8 6 7 7 2 0]       1527200   1000
 43    0.200338    0.079664 [8 6 7 4 4 7 3 0]       2037455   1000
 44    0.201006    0.084031 [8 8 4 2 4 8 6 0]       3689144   1000
 45    0.201540    0.082338 [8 6 7 4 1 7 6 0]       3612095   1000
 46    0.200956    0.080748 [8 8 4 2 5 8 5 0]       3164264   1000
 47    0.200388    0.082474 [8 4 8 4 3 7 5 0]       3093839   1000
 48    0.201462    0.074206 [8 7 7 4 2 7 4 0]       2555783   1000
 49    0.201310    0.080447 [8 0 6 7 6 8 5 0]       3174560   1000
 50    0.200819    0.080848 [8 8 3 5 5 8 3 0]       2103488   1000
 51    0.201514    0.077573 [8 6 8 2 2 7 7 0]       4148720   1000
 52    0.201270    0.075917 [8 7 4 8 1 8 4 0]       2610944   1000
 53    0.200712    0.079788 [8 7 6 3 5 7 3 0]       2043215   1000
 54    0.201418    0.079233 [8 5 8 8 0 8 4 0]       2604689   1000
 55    0.201238    0.082082 [8 7 6 3 2 6 7 0]       4090247   1000
 56    0.201569    0.078576 [8 6 8 7 0 7 4 0]       2544920   1000
 57    0.201320    0.073855 [8 7 5 7 1 7 4 0]       2551247   1000
 58    0.201810    0.078367 [8 7 8 2 1 8 7 0]       4201217   1000
 59    0.201334    0.080835 [8 1 8 6 5 8 4 0]       2636000   1000
 60    0.201224    0.076424 [8 7 1 7 6 8 3 0]       2111336   1000
 61    0.201514    0.083514 [8 6 8 2 2 7 7 0]       4148720   1000
 62    0.200622    0.077485 [8 3 6 7 5 7 3 0]       2046095   1000
 63    0.201262    0.080911 [8 8 3 7 1 8 5 0]       3141584   1000
 64    0.200509    0.075092 [8 7 6 5 2 8 4 0]       2615480   1000
 65    0.201702    0.079730 [8 8 7 8 0 7 3 0]       2014145   1000
 66    0.201318    0.076247 [8 0 4 8 5 8 8 0]       4762889   1000
 67    0.201750    0.076742 [8 6 8 3 2 8 5 0]       3145616   1000
 68    0.201560    0.073884 [8 1 4 8 5 8 6 0]       3700016   1000
 69    0.199963    0.074503 [8 6 1 8 6 7 3 1]       6835976   1000
 70    0.201749    0.074758 [8 7 8 7 0 8 3 0]       2072537   1000
 71    0.201137    0.079854 [8 5 8 2 6 8 3 0]       2108240   1000
 72    0.201683    0.075415 [8 8 8 7 1 7 2 0]       1488617   1000
 73    0.201020    0.079654 [8 7 6 1 7 8 3 0]       2113928   1000
 74    0.200920    0.080234 [8 6 8 3 4 8 3 0]       2095856   1000
 75    0.201328    0.081423 [8 7 7 2 6 8 2 0]       1576736   1000
 76    0.201752    0.077418 [8 8 7 7 0 8 3 0]       2072465   1000
 77    0.200860    0.077238 [8 0 7 5 5 7 7 0]       4170455   1000
 78    0.200572    0.078721 [8 6 5 7 4 7 2 0]       1508039   1000
 79    0.201510    0.076254 [8 7 6 3 2 7 6 0]       3617855   1000
 80    0.200949    0.075355 [8 7 7 2 5 8 3 0]       2101616   1000
 81    0.201105    0.071534 [8 2 8 7 4 8 3 0]       2098736   1000
 82    0.201202    0.078333 [8 4 3 8 6 8 3 0]       2112200   1000
 83    0.201312    0.077949 [8 5 7 7 1 7 4 0]       2551391   1000
 84    0.201043    0.080232 [8 3 8 5 1 8 7 0]       4203368   1000
 85    0.201224    0.083753 [8 7 1 7 6 8 3 0]       2111336   1000
 86    0.200819    0.074311 [8 7 8 1 6 8 3 0]       2107529   1000
 87    0.201444    0.073348 [8 7 7 2 2 6 8 0]       4621040   1000
 88    0.201296    0.074872 [8 3 2 5 6 8 8 0]       4767128   1000
 89    0.200271    0.084838 [8 5 5 6 3 8 4 0]       2622671   1000
 90    0.200900    0.080532 [8 3 3 3 8 8 7 0]       4247432   1000
 91    0.201836    0.075529 [8 2 3 8 6 8 5 0]       3175064   1000
 92    0.201612    0.073824 [8 8 7 1 3 7 6 0]       3623048   1000
 93    0.201591    0.077596 [8 1 3 7 6 8 7 0]       4237208   1000
 94    0.200756    0.081413 [8 8 5 6 5 7 1 0]        982448   1000
 95    0.201425    0.079458 [8 1 8 5 6 8 4 0]       2641832   1000
 96    0.201490    0.075923 [8 8 5 8 0 8 4 0]       2604473   1000
 97    0.201312    0.078481 [8 5 7 7 1 7 4 0]       2551391   1000
 98    0.201019    0.075109 [8 0 5 7 5 8 7 0]       4230800   1000
 99    0.201454    0.081778 [8 6 7 3 2 7 6 0]       3617927   1000
