%% Optimization method: GA
%% Optimization settings: 
%% Number of generations: 50
%% Population size: 20
%% Tournament selection rate: 0.90
%% Tournament size: 5
%% Crossover probability: 1.00
%% Relative mutation rate: 2.50
%% Creep mutation rate: 0.50
%% RunID, BestFitness(=1/fc), AverageFitness, [variables], IndexOfTheVariableVector, NumberOfEvaluatedIndividuals 
%% Road file name C:\Sina\EA performance code\Road1\Data\Roads\ModifiedSplineFit\Road5.xml
  0    0.296421    0.109486 [8 8 5 8 3 3 5 0]       2860352   1000
  1    0.293856    0.121498 [8 8 3 6 5 3 6 0]       3403295   1000
  2    0.295529    0.117013 [8 3 3 7 6 6 6 0]       3587687   1000
  3    0.294524    0.117551 [8 7 3 7 6 3 5 0]       2879135   1000
  4    0.296749    0.109342 [8 8 5 8 4 3 4 0]       2335472   1000
  5    0.294489    0.110495 [8 5 5 8 2 5 6 0]       3503303   1000
  6    0.294756    0.106293 [8 8 4 7 7 3 3 0]       1822904   1000
  7    0.294955    0.118129 [8 7 5 8 5 3 4 0]       2342024   1000
  8    0.295221    0.113319 [8 4 3 8 3 7 6 0]       3627791   1000
  9    0.295699    0.126832 [8 5 1 7 6 6 6 0]       3587543   1000
 10    0.294624    0.102466 [8 7 6 8 5 3 3 0]       1810664   1000
 11    0.294448    0.120163 [8 7 3 7 2 6 6 0]       3561479   1000
 12    0.295051    0.115457 [8 6 3 8 3 5 6 0]       3509711   1000
 13    0.295869    0.111794 [8 3 2 7 7 5 7 0]       4066559   1000
 14    0.294460    0.108630 [8 5 0 7 6 6 8 0]       4650344   1000
 15    0.295641    0.119770 [8 7 2 7 7 4 4 0]       2413223   1000
 16    0.295869    0.122622 [8 3 2 7 7 5 7 0]       4066559   1000
 17    0.296462    0.118468 [8 3 3 8 6 5 6 0]       3529367   1000
 18    0.293758    0.109409 [8 7 2 7 1 7 7 0]       4145327   1000
 19    0.293743    0.104929 [8 4 6 8 3 3 7 0]       3923279   1000
 20    0.293789    0.115134 [8 7 2 8 7 3 5 0]       2886344   1000
 21    0.295957    0.116783 [8 6 1 7 7 5 5 0]       3003623   1000
 22    0.294884    0.115170 [8 8 3 8 3 5 5 0]       2978288   1000
 23    0.296317    0.119617 [8 3 3 8 8 5 5 0]       3011048   1000
 24    0.295504    0.111225 [8 3 0 8 8 7 7 0]       4191785   1000
 25    0.295113    0.116106 [8 7 1 6 7 5 5 0]       3002903   1000
 26    0.296849    0.113448 [8 3 2 7 7 6 6 0]       3594167   1000
 27    0.294872    0.119814 [8 3 3 8 3 8 7 0]       4218272   1000
 28    0.295076    0.117731 [8 5 3 8 5 5 5 0]       2991383   1000
 29    0.294940    0.109719 [8 5 0 7 6 8 6 0]       3705560   1000
 30    0.295018    0.118879 [8 6 5 7 7 3 3 0]       1822967   1000
 31    0.295797    0.116596 [8 4 1 7 7 5 7 0]       4066487   1000
 32    0.295879    0.115647 [8 7 3 7 7 3 4 0]       2354255   1000
 33    0.296438    0.115480 [8 4 1 7 6 7 6 0]       3646583   1000
 34    0.296594    0.110499 [8 3 1 8 7 7 6 0]       3653864   1000
 35    0.296774    0.109893 [8 4 1 7 7 6 6 0]       3594095   1000
 36    0.295996    0.125941 [8 6 5 8 3 4 5 0]       2919383   1000
 37    0.295848    0.111031 [8 4 1 7 6 6 7 0]       4118975   1000
 38    0.296507    0.120352 [8 3 2 7 6 7 6 0]       3646655   1000
 39    0.294903    0.112039 [8 3 3 6 7 6 6 0]       3593519   1000
 40    0.295737    0.117645 [8 4 0 7 6 8 7 0]       4236992   1000
 41    0.294448    0.113374 [8 7 3 7 2 6 6 0]       3561479   1000
 42    0.295797    0.109838 [8 4 1 7 7 5 7 0]       4066487   1000
 43    0.293883    0.107479 [8 4 2 7 7 5 5 1]       7786655   1000
 44    0.295494    0.123341 [8 3 3 7 7 5 6 0]       3535199   1000
 45    0.295489    0.113259 [8 5 1 6 7 6 6 0]       3593375   1000
 46    0.295074    0.111014 [8 6 1 6 7 6 5 0]       3061943   1000
 47    0.294738    0.120415 [8 5 0 8 7 5 7 0]       4067144   1000
 48    0.296774    0.124118 [8 4 1 7 7 6 6 0]       3594095   1000
 49    0.294874    0.111053 [8 4 1 6 5 8 8 0]       4761224   1000
 50    0.296317    0.121038 [8 3 3 8 8 5 5 0]       3011048   1000
 51    0.296317    0.110563 [8 3 3 8 8 5 5 0]       3011048   1000
 52    0.295690    0.111226 [8 4 2 7 7 6 5 0]       3062735   1000
 53    0.294616    0.118674 [8 6 2 8 5 4 6 0]       3463703   1000
 54    0.295878    0.124041 [8 8 5 8 2 3 6 0]       3385232   1000
 55    0.296774    0.117379 [8 4 1 7 7 6 6 0]       3594095   1000
 56    0.295593    0.122541 [8 7 4 7 6 3 4 0]       2347775   1000
 57    0.295459    0.111870 [8 3 2 8 8 4 7 0]       4014800   1000
 58    0.294696    0.119180 [8 7 2 7 7 3 5 0]       2885615   1000
 59    0.295791    0.122084 [8 4 0 8 6 7 7 0]       4178672   1000
 60    0.296075    0.123101 [8 4 3 8 6 5 5 0]       2997935   1000
 61    0.295068    0.122105 [8 4 1 6 8 5 8 0]       4603760   1000
 62    0.295415    0.119576 [8 3 2 8 6 5 8 0]       4592168   1000
 63    0.295957    0.127655 [8 6 1 7 7 5 5 0]       3003623   1000
 64    0.296594    0.112183 [8 3 1 8 7 7 6 0]       3653864   1000
 65    0.294785    0.104284 [8 7 5 7 3 3 6 0]       3391055   1000
 66    0.295873    0.122615 [8 3 2 8 7 6 6 0]       3594896   1000
 67    0.296594    0.108670 [8 3 2 8 8 5 6 0]       3542408   1000
 68    0.295699    0.123775 [8 5 1 7 6 6 6 0]       3587543   1000
 69    0.294893    0.119697 [8 6 5 7 6 3 4 0]       2347847   1000
 70    0.295204    0.122445 [8 7 5 7 5 3 4 0]       2341295   1000
 71    0.296227    0.113169 [8 8 3 8 6 3 4 0]       2348432   1000
 72    0.296427    0.126277 [8 3 3 8 5 6 6 0]       3581855   1000
 73    0.294697    0.118591 [8 6 2 7 7 5 4 0]       2472263   1000
 74    0.294976    0.116081 [8 3 4 8 3 7 6 0]       3627863   1000
 75    0.296462    0.127331 [8 3 3 8 6 5 6 0]       3529367   1000
 76    0.296849    0.100617 [8 3 2 7 7 6 6 0]       3594167   1000
 77    0.295957    0.117548 [8 6 1 7 7 5 5 0]       3003623   1000
 78    0.295761    0.126273 [8 3 2 7 5 7 7 0]       4171535   1000
 79    0.294431    0.112448 [8 7 4 8 2 3 8 0]       4448024   1000
 80    0.294942    0.109768 [8 4 3 8 8 5 4 0]       2479616   1000
 81    0.294536    0.122772 [8 8 2 7 7 4 4 0]       2413232   1000
 82    0.295384    0.113831 [8 4 3 6 8 5 5 0]       3009599   1000
 83    0.295692    0.125007 [8 6 3 8 8 3 4 0]       2361536   1000
 84    0.295179    0.121101 [8 5 2 8 6 4 6 0]       3470255   1000
 85    0.295114    0.110918 [8 2 3 7 7 6 6 0]       3594239   1000
 86    0.295276    0.123694 [8 6 1 7 6 6 5 0]       3056111   1000
 87    0.294272    0.113424 [8 7 0 7 5 5 7 0]       4053311   1000
 88    0.295709    0.110656 [8 5 0 8 7 6 6 0]       3594752   1000
 89    0.296051    0.119340 [8 3 1 8 6 7 7 0]       4178744   1000
 90    0.295266    0.122802 [8 7 0 7 8 5 5 0]       3010112   1000
 91    0.295300    0.119113 [8 4 3 8 5 6 5 0]       3050423   1000
 92    0.295775    0.104549 [8 6 2 8 8 4 4 0]       2420504   1000
 93    0.294759    0.121032 [8 6 5 8 7 3 3 0]       1823696   1000
 94    0.295878    0.106791 [8 8 5 8 2 3 6 0]       3385232   1000
 95    0.295231    0.103786 [8 6 4 8 3 3 7 0]       3923135   1000
 96    0.296774    0.114770 [8 4 1 7 7 6 6 0]       3594095   1000
 97    0.295848    0.111706 [8 4 1 7 6 6 7 0]       4118975   1000
 98    0.294435    0.119643 [8 6 2 7 3 5 8 0]       4571783   1000
 99    0.295443    0.125415 [8 3 3 8 5 5 7 0]       4054247   1000
