%% Optimization method: GA
%% Optimization settings: 
%% Number of generations: 50
%% Population size: 20
%% Tournament selection rate: 0.90
%% Tournament size: 5
%% Crossover probability: 1.00
%% Relative mutation rate: 2.50
%% Creep mutation rate: 0.50
%% RunID, BestFitness(=1/fc), AverageFitness, [variables], IndexOfTheVariableVector, NumberOfEvaluatedIndividuals 
%% Road file name C:\Sina\EA performance code\Road1\Data\Roads\ModifiedSplineFit\Road1.xml
  0    0.266763    0.101516 [8 8 7 4 4 1 4 8]      40478372   1000
  1    0.266630    0.100641 [8 7 8 3 4 1 5 8]      41009156   1000
  2    0.266617    0.102085 [8 7 6 5 3 2 4 8]      40531499   1000
  3    0.266883    0.105167 [8 6 7 8 2 2 3 8]      39995756   1000
  4    0.267248    0.112470 [8 7 7 6 5 0 3 7]      35112923   1000
  5    0.265885    0.098670 [8 8 5 3 7 1 4 7]      35714195   1000
  6    0.267731    0.092597 [8 8 7 8 0 3 3 8]      40041701   1000
  7    0.266931    0.108196 [8 7 6 7 3 1 4 8]      40473908   1000
  8    0.267433    0.108479 [8 8 6 6 2 2 4 7]      35742707   1000
  9    0.266639    0.093857 [8 8 7 5 7 0 2 7]      34593884   1000
 10    0.268410    0.100692 [8 8 8 6 1 2 4 7]      35736308   1000
 11    0.268385    0.099515 [8 8 6 8 2 1 4 8]      40468085   1000
 12    0.266972    0.110395 [8 8 5 5 7 0 3 8]      39908132   1000
 13    0.267440    0.112944 [8 7 7 7 3 1 3 8]      39942548   1000
 14    0.268788    0.100899 [8 7 8 8 2 1 3 8]      39936797   1000
 15    0.262543    0.097486 [8 8 3 2 7 4 4 6]      31107482   1000
 16    0.266577    0.106540 [8 7 5 3 7 1 4 8]      40497155   1000
 17    0.268410    0.111829 [8 8 8 6 1 2 4 7]      35736308   1000
 18    0.268410    0.101667 [8 8 8 6 1 2 4 7]      35736308   1000
 19    0.268747    0.102688 [8 8 6 8 1 1 5 8]      40992965   1000
 20    0.266651    0.086202 [8 8 7 6 7 1 0 8]      38373749   1000
 21    0.265848    0.100826 [8 5 7 8 0 3 5 8]      41104556   1000
 22    0.265109    0.102049 [8 8 5 2 7 2 4 7]      35772515   1000
 23    0.268060    0.101422 [8 7 7 8 6 0 1 8]      38841029   1000
 24    0.266386    0.115205 [8 8 7 6 3 1 4 6]      30907331   1000
 25    0.268808    0.095420 [8 7 7 7 1 1 5 8]      40992308   1000
 26    0.266938    0.099848 [8 7 7 6 0 3 5 8]      41103116   1000
 27    0.267897    0.108269 [8 8 5 7 2 1 5 8]      40998716   1000
 28    0.267551    0.091960 [8 7 5 8 3 1 4 7]      35691587   1000
 29    0.266689    0.091703 [8 7 7 1 8 1 4 8]      40502420   1000
 30    0.267117    0.103617 [8 7 6 8 2 2 3 8]      39995684   1000
 31    0.268516    0.101494 [8 8 6 8 0 2 5 8]      41045453   1000
 32    0.267836    0.107494 [8 7 8 5 2 2 4 8]      40525100   1000
 33    0.265233    0.107795 [8 8 4 8 4 1 4 6]      30915107   1000
 34    0.268747    0.100106 [8 8 6 8 1 1 5 8]      40992965   1000
 35    0.266470    0.101518 [8 7 4 6 8 0 3 8]      39915332   1000
 36    0.266741    0.108093 [8 8 7 2 6 1 4 7]      35707067   1000
 37    0.267392    0.094856 [8 7 7 6 1 2 5 7]      36267659   1000
 38    0.266267    0.091357 [8 8 6 4 1 3 6 8]      41639588   1000
 39    0.268516    0.098307 [8 8 6 8 0 2 5 8]      41045453   1000
 40    0.266999    0.097221 [8 6 7 7 4 0 4 8]      40421492   1000
 41    0.266421    0.104607 [8 7 7 3 7 0 4 7]      35655299   1000
 42    0.269260    0.106822 [8 8 8 8 2 0 4 8]      40409198   1000
 43    0.268405    0.097611 [8 7 7 7 2 1 4 8]      40467428   1000
 44    0.268675    0.093539 [8 8 8 8 0 2 4 8]      40514174   1000
 45    0.263948    0.099943 [8 6 2 6 8 2 4 6]      30998762   1000
 46    0.267759    0.099676 [8 7 8 4 2 2 5 8]      41055812   1000
 47    0.268644    0.099150 [8 8 6 8 3 0 4 8]      40415597   1000
 48    0.267317    0.099061 [8 6 8 5 6 0 3 8]      39901796   1000
 49    0.266491    0.098142 [8 7 6 2 6 1 5 8]      41021387   1000
 50    0.267720    0.097818 [8 8 7 7 2 1 4 6]      30901499   1000
 51    0.264781    0.098856 [8 7 6 5 3 3 3 7]      35276138   1000
 52    0.267426    0.099905 [8 6 6 8 1 2 5 8]      41051996   1000
 53    0.265916    0.109010 [8 7 6 5 6 0 4 6]      30867146   1000
 54    0.267977    0.086874 [8 8 8 5 2 1 5 7]      36214532   1000
 55    0.267762    0.102355 [8 7 5 8 2 1 5 8]      40999436   1000
 56    0.266689    0.096970 [8 7 7 1 8 1 4 8]      40502420   1000
 57    0.267174    0.103859 [8 6 8 6 2 2 4 8]      40525820   1000
 58    0.267433    0.101981 [8 8 6 6 2 2 4 7]      35742707   1000
 59    0.268410    0.100481 [8 8 8 6 1 2 4 7]      35736308   1000
 60    0.267551    0.103461 [8 7 5 8 3 1 4 7]      35691587   1000
 61    0.267907    0.103453 [8 7 7 8 1 1 5 8]      40993037   1000
 62    0.267429    0.100683 [8 8 7 7 5 0 2 7]      34582220   1000
 63    0.268385    0.097020 [8 8 6 8 2 1 4 8]      40468085   1000
 64    0.268516    0.102168 [8 8 6 8 0 2 5 8]      41045453   1000
 65    0.268116    0.093932 [8 8 7 7 1 1 5 7]      36209348   1000
 66    0.266888    0.104498 [8 6 8 5 8 0 2 7]      34600508   1000
 67    0.267560    0.095971 [8 7 5 8 1 2 5 8]      41051924   1000
 68    0.268747    0.091747 [8 8 6 8 1 1 5 8]      40992965   1000
 69    0.266747    0.097406 [8 8 7 2 2 3 6 8]      41644772   1000
 70    0.266304    0.106517 [8 7 8 6 3 1 4 8]      40473341   1000
 71    0.266618    0.098137 [8 6 6 5 8 0 3 8]      39914756   1000
 72    0.268808    0.090538 [8 7 7 7 1 1 5 8]      40992308   1000
 73    0.266166    0.113975 [8 6 7 6 5 0 4 7]      35644355   1000
 74    0.266746    0.101029 [8 6 7 5 4 1 4 8]      40479083   1000
 75    0.267632    0.092426 [8 7 8 7 2 1 4 6]      30901571   1000
 76    0.267800    0.098245 [8 8 7 3 6 0 4 8]      40431716   1000
 77    0.267101    0.106829 [8 8 8 2 7 0 4 8]      40437629   1000
 78    0.266625    0.099476 [8 8 8 8 6 0 1 7]      34058150   1000
 79    0.268888    0.095069 [8 8 7 8 2 1 3 8]      39936725   1000
 80    0.264947    0.104438 [8 7 3 4 7 2 4 7]      35773802   1000
 81    0.267228    0.103182 [8 7 6 7 4 0 4 7]      35638451   1000
 82    0.268644    0.094703 [8 8 6 8 3 0 4 8]      40415597   1000
 83    0.269260    0.103743 [8 8 8 8 2 0 4 8]      40409198   1000
 84    0.267247    0.103078 [8 7 7 6 4 0 4 8]      40420772   1000
 85    0.266222    0.095827 [8 7 7 6 1 3 4 6]      31012298   1000
 86    0.266643    0.100680 [8 7 7 7 4 1 2 7]      34634699   1000
 87    0.268112    0.102019 [8 8 8 7 1 2 3 8]      39988565   1000
 88    0.267429    0.097082 [8 8 7 7 5 0 2 7]      34582220   1000
 89    0.268683    0.102453 [8 8 8 8 3 0 3 8]      39884318   1000
 90    0.268888    0.095108 [8 8 7 8 2 1 3 8]      39936725   1000
 91    0.267302    0.098552 [8 7 7 5 7 0 2 8]      39376844   1000
 92    0.267598    0.102858 [8 6 8 6 3 1 4 7]      35690363   1000
 93    0.267632    0.098097 [8 8 5 7 3 1 4 7]      35690867   1000
 94    0.265418    0.096224 [8 6 7 6 8 1 1 6]      29345795   1000
 95    0.265876    0.100411 [8 7 6 1 8 1 5 7]      36250811   1000
 96    0.268741    0.099392 [8 8 8 6 2 1 4 8]      40466789   1000
 97    0.266210    0.098616 [8 6 8 5 2 1 6 8]      41528924   1000
 98    0.268808    0.094491 [8 7 7 7 1 1 5 8]      40992308   1000
 99    0.265766    0.101348 [8 7 3 7 8 1 2 8]      39443588   1000
