%% Optimization method: GA
%% Optimization settings: 
%% Number of generations: 50
%% Population size: 20
%% Tournament selection rate: 0.90
%% Tournament size: 5
%% Crossover probability: 1.00
%% Relative mutation rate: 2.50
%% Creep mutation rate: 0.50
%% RunID, BestFitness(=1/fc), AverageFitness, [variables], IndexOfTheVariableVector, NumberOfEvaluatedIndividuals 
%% Road file name C:\Sina\EA performance code\Road3\Data\Roads\ModifiedSplineFit\Road3.xml
  0    0.299015    0.118936 [8 3 3 8 6 2 8 3]      18764009   1000
  1    0.298523    0.118483 [8 4 1 8 8 2 8 3]      18776978   1000
  2    0.301454    0.115898 [8 3 0 8 8 5 8 2]      14171066   1000
  3    0.298141    0.121386 [8 5 0 8 6 4 7 3]      18350441   1000
  4    0.300781    0.120266 [8 2 1 8 7 5 8 3]      18947546   1000
  5    0.300600    0.113675 [8 2 1 8 8 6 7 1]       8915777   1000
  6    0.295681    0.117778 [8 5 3 8 5 3 7 0]       3936167   1000
  7    0.298637    0.107772 [8 2 2 8 7 4 8 3]      18888578   1000
  8    0.299425    0.110243 [8 2 3 8 8 3 8 1]       9270233   1000
  9    0.297952    0.109121 [8 5 1 8 8 2 8 1]       9211049   1000
 10    0.299015    0.121441 [8 3 3 8 6 2 8 3]      18764009   1000
 11    0.301454    0.111342 [8 3 0 8 8 5 8 2]      14171066   1000
 12    0.299322    0.109821 [8 2 2 8 7 5 8 1]       9381689   1000
 13    0.299177    0.119487 [8 4 1 8 7 3 8 2]      14046497   1000
 14    0.300313    0.113752 [8 1 3 8 8 3 8 3]      18836162   1000
 15    0.300600    0.103280 [8 2 1 8 8 6 7 1]       8915777   1000
 16    0.300920    0.110268 [8 3 0 8 7 5 8 3]      18947474   1000
 17    0.299535    0.103936 [8 2 0 8 7 7 8 2]      14282594   1000
 18    0.296021    0.108072 [8 7 0 8 6 3 6 3]      17759969   1000
 19    0.299322    0.120675 [8 2 2 8 7 5 8 1]       9381689   1000
 20    0.297247    0.122475 [8 2 4 8 7 3 7 1]       8732312   1000
 21    0.300576    0.113917 [8 1 3 8 7 4 8 2]      14105681   1000
 22    0.298447    0.118259 [8 4 1 8 7 4 7 1]       8791136   1000
 23    0.300498    0.128446 [8 2 2 8 8 4 8 1]       9329201   1000
 24    0.299075    0.111276 [8 4 1 8 8 3 8 1]       9270089   1000
 25    0.299704    0.124753 [8 3 2 8 6 3 8 3]      18822977   1000
 26    0.299152    0.108351 [8 0 4 8 6 5 8 2]      14158241   1000
 27    0.295200    0.111780 [8 6 3 8 3 2 8 3]      18744353   1000
 28    0.297749    0.111905 [8 2 4 8 7 2 8 2]      13987673   1000
 29    0.297645    0.116166 [8 7 1 8 6 1 8 2]      13921865   1000
 30    0.300753    0.109055 [8 3 0 8 7 6 8 1]       9440585   1000
 31    0.298266    0.108765 [8 3 3 8 6 3 7 2]      13508648   1000
 32    0.300206    0.119335 [8 5 0 8 7 3 8 2]      14046425   1000
 33    0.297290    0.104296 [8 7 1 8 6 2 7 1]       8666504   1000
 34    0.300049    0.106170 [8 4 0 8 6 5 8 2]      14157953   1000
 35    0.298292    0.114200 [8 2 0 8 7 5 7 6]      32764931   1000
 36    0.295361    0.112065 [8 4 4 8 6 2 7 0]       3883751   1000
 37    0.298003    0.120321 [8 5 1 8 6 3 8 2]      14039945   1000
 38    0.300206    0.109455 [8 5 0 8 7 3 8 2]      14046425   1000
 39    0.296425    0.110600 [8 7 0 8 6 4 7 0]       4001552   1000
 40    0.300300    0.122128 [8 1 3 8 7 5 7 1]       8850320   1000
 41    0.296832    0.108416 [8 6 1 8 6 1 8 4]      23487794   1000
 42    0.300942    0.103063 [8 1 2 8 8 5 8 2]      14171210   1000
 43    0.299640    0.114874 [8 4 0 8 7 4 7 3]      18356993   1000
 44    0.300227    0.120624 [8 0 3 8 7 5 8 3]      18947690   1000
 45    0.298138    0.107147 [8 4 1 8 7 2 8 4]      23553386   1000
 46    0.292885    0.113195 [8 8 3 8 3 3 7 0]       3923072   1000
 47    0.300840    0.109132 [8 0 3 8 8 5 8 2]      14171282   1000
 48    0.300610    0.116112 [8 3 1 8 7 4 8 2]      14105537   1000
 49    0.300056    0.106985 [8 0 3 8 7 6 8 1]       9440801   1000
 50    0.296887    0.114807 [8 4 3 8 5 3 8 1]       9250568   1000
 51    0.301606    0.115814 [8 1 1 8 8 5 8 4]      23737067   1000
 52    0.300370    0.117203 [8 2 2 8 7 4 8 2]      14105609   1000
 53    0.298363    0.117281 [8 1 4 8 8 3 7 2]      13521833   1000
 54    0.297648    0.115750 [8 7 1 8 6 2 8 0]       4414976   1000
 55    0.297207    0.109687 [8 8 0 8 7 1 8 2]      13928354   1000
 56    0.300313    0.112387 [8 1 3 8 8 3 8 3]      18836162   1000
 57    0.300300    0.113015 [8 1 3 8 7 5 7 1]       8850320   1000
 58    0.297151    0.104345 [8 1 3 7 7 5 7 2]      13632560   1000
 59    0.301016    0.115913 [8 2 0 8 8 6 8 3]      19013075   1000
 60    0.299178    0.123371 [8 1 3 8 8 5 7 1]       8856881   1000
 61    0.301016    0.112791 [8 2 0 8 8 6 8 3]      19013075   1000
 62    0.299685    0.113579 [8 1 3 8 7 3 8 4]      23612570   1000
 63    0.300294    0.118356 [8 3 1 8 8 3 8 3]      18836018   1000
 64    0.298266    0.119789 [8 3 3 8 6 3 7 2]      13508648   1000
 65    0.297886    0.119567 [8 4 3 8 6 2 8 1]       9198080   1000
 66    0.300299    0.120659 [8 2 3 8 6 3 8 3]      18823049   1000
 67    0.300313    0.110128 [8 1 3 8 8 3 8 3]      18836162   1000
 68    0.299500    0.116737 [8 4 0 8 8 4 8 2]      14112026   1000
 69    0.299631    0.120123 [8 1 3 8 6 5 8 2]      14158169   1000
 70    0.297179    0.117141 [8 2 4 8 8 3 7 0]       3955904   1000
 71    0.300576    0.123250 [8 1 3 8 7 4 8 2]      14105681   1000
 72    0.300100    0.111303 [8 2 2 8 7 5 7 1]       8850248   1000
 73    0.296514    0.112605 [7 3 3 8 6 3 7 2]      13508647   1000
 74    0.300753    0.110514 [8 3 0 8 7 6 8 1]       9440585   1000
 75    0.300342    0.110274 [8 3 1 8 7 5 7 1]       8850176   1000
 76    0.297169    0.104599 [8 4 3 8 5 2 8 3]      18757457   1000
 77    0.301016    0.120213 [8 2 0 8 8 6 8 3]      19013075   1000
 78    0.297931    0.122293 [8 6 1 8 6 2 8 2]      13980905   1000
 79    0.298761    0.109740 [8 6 0 8 6 2 8 4]      23546762   1000
 80    0.300206    0.115119 [8 5 0 8 7 3 8 2]      14046425   1000
 81    0.301347    0.111307 [8 2 1 8 8 5 8 2]      14171138   1000
 82    0.300294    0.114915 [8 3 1 8 8 3 8 3]      18836018   1000
 83    0.300049    0.113024 [8 4 0 8 6 5 8 2]      14157953   1000
 84    0.296753    0.119753 [8 4 2 8 6 2 7 4]      23015465   1000
 85    0.300610    0.117788 [8 3 1 8 7 4 8 2]      14105537   1000
 86    0.300299    0.120254 [8 2 3 8 6 3 8 3]      18823049   1000
 87    0.297576    0.112756 [8 3 3 8 6 3 8 2]      14040089   1000
 88    0.298747    0.108903 [8 0 4 8 8 5 7 1]       8856953   1000
 89    0.299473    0.109182 [8 2 3 8 7 3 8 2]      14046641   1000
 90    0.299958    0.114405 [8 4 0 8 8 5 8 0]       4605137   1000
 91    0.298903    0.114467 [8 2 4 8 6 3 8 1]       9257192   1000
 92    0.299720    0.114747 [8 3 1 8 6 5 8 2]      14158025   1000
 93    0.300942    0.110825 [8 1 2 8 8 5 8 2]      14171210   1000
 94    0.297641    0.108082 [8 3 2 8 7 4 6 2]      13042736   1000
 95    0.299883    0.118302 [8 1 3 8 8 4 7 2]      13580801   1000
 96    0.299720    0.122159 [8 3 1 8 6 5 8 2]      14158025   1000
 97    0.299873    0.108612 [8 3 0 8 8 4 8 4]      23677955   1000
 98    0.300299    0.113889 [8 2 3 8 6 3 8 3]      18823049   1000
 99    0.296300    0.124131 [8 6 2 8 4 3 8 1]       9243944   1000
