%% Optimization method: GA
%% Optimization settings: 
%% Number of generations: 50
%% Population size: 20
%% Tournament selection rate: 0.90
%% Tournament size: 5
%% Crossover probability: 1.00
%% Relative mutation rate: 2.50
%% Creep mutation rate: 0.50
%% RunID, BestFitness(=1/fc), AverageFitness, [variables], IndexOfTheVariableVector, NumberOfEvaluatedIndividuals 
%% Road file name C:\Sina\EA performance code\Road4\Data\Roads\ModifiedSplineFit\Road4.xml
  0    0.183153    0.065634 [8 8 8 3 3 8 3 0]       2089313   1000
  1    0.183372    0.074030 [8 8 2 8 7 7 1 0]        996785   1000
  2    0.183115    0.070356 [8 7 4 7 8 4 2 0]       1357064   1000
  3    0.182891    0.073333 [8 7 6 1 8 7 3 0]       2061440   1000
  4    0.182977    0.074879 [8 8 5 3 7 7 2 0]       1524824   1000
  5    0.182734    0.075510 [8 7 5 8 3 7 2 0]       1502216   1000
  6    0.183149    0.069388 [8 8 5 6 8 5 1 0]        884033   1000
  7    0.183466    0.071607 [8 8 2 6 7 7 2 0]       1526768   1000
  8    0.182667    0.067090 [8 7 5 6 5 8 1 0]       1041488   1000
  9    0.180877    0.065516 [8 5 2 3 7 7 7 0]       4181759   1000
 10    0.182501    0.073599 [8 8 8 7 4 2 3 1]       6527465   1000
 11    0.183121    0.069405 [8 7 4 8 7 4 2 0]       1351232   1000
 12    0.183503    0.068020 [8 8 8 6 6 4 1 0]        812105   1000
 13    0.183249    0.065828 [8 7 8 8 2 6 2 0]       1436849   1000
 14    0.183517    0.066451 [8 8 7 8 1 7 2 0]       1489265   1000
 15    0.183492    0.071773 [8 8 2 7 7 6 2 0]       1468448   1000
 16    0.182895    0.071411 [8 8 7 6 6 6 0 0]        398681   1000
 17    0.183492    0.069374 [8 8 2 7 7 6 2 0]       1468448   1000
 18    0.183281    0.070030 [8 8 8 3 7 6 1 0]        934577   1000
 19    0.182915    0.068640 [8 8 5 6 5 7 1 0]        982448   1000
 20    0.183259    0.070218 [8 7 8 1 7 8 2 0]       1582649   1000
 21    0.183220    0.071451 [8 8 3 7 7 5 2 0]       1409480   1000
 22    0.183582    0.067964 [8 1 7 7 8 8 2 0]       1593449   1000
 23    0.183465    0.069743 [8 8 5 8 7 4 1 0]        819881   1000
 24    0.183389    0.071135 [8 7 2 6 7 8 2 0]       1585808   1000
 25    0.182861    0.068524 [8 7 6 6 6 3 3 0]       1815767   1000
 26    0.183153    0.070251 [8 8 6 7 5 4 2 0]       1337552   1000
 27    0.183491    0.066454 [8 8 8 5 7 4 1 0]        817937   1000
 28    0.183056    0.073103 [8 5 6 8 8 5 1 0]        885545   1000
 29    0.182350    0.064806 [8 7 4 7 6 4 3 0]       1875383   1000
 30    0.182515    0.074351 [8 7 6 5 8 6 1 0]        942425   1000
 31    0.183188    0.065620 [8 8 7 6 1 7 3 0]       2019248   1000
 32    0.183484    0.071198 [8 7 6 6 8 3 2 0]       1297448   1000
 33    0.183317    0.071956 [8 2 7 6 8 7 2 0]       1533680   1000
 34    0.182580    0.071147 [8 7 7 4 4 8 2 0]       1565072   1000
 35    0.183219    0.075841 [8 2 7 7 8 8 1 0]       1062017   1000
 36    0.183148    0.073012 [8 7 6 6 7 5 1 0]        877544   1000
 37    0.183379    0.071959 [8 7 7 8 7 3 1 0]        760985   1000
 38    0.183627    0.076363 [8 1 7 8 8 7 2 0]       1535129   1000
 39    0.182404    0.070898 [8 1 5 8 7 7 4 0]       2591288   1000
 40    0.183460    0.076042 [8 7 6 7 7 4 1 0]        819224   1000
 41    0.182954    0.069799 [8 6 3 7 8 6 2 0]       1475072   1000
 42    0.183310    0.064218 [8 8 7 7 2 8 1 0]       1022705   1000
 43    0.183399    0.073643 [8 7 2 8 7 6 2 0]       1469168   1000
 44    0.183403    0.068308 [8 7 8 2 7 6 2 0]       1465280   1000
 45    0.183468    0.072968 [8 2 7 8 7 6 2 0]       1469528   1000
 46    0.183234    0.071346 [8 8 3 4 8 8 2 0]       1591001   1000
 47    0.183302    0.065422 [8 7 6 8 2 7 2 0]       1495736   1000
 48    0.183455    0.070566 [8 1 8 7 7 8 2 0]       1586969   1000
 49    0.182819    0.070976 [8 8 5 8 1 8 3 0]       2079593   1000
 50    0.183439    0.070867 [8 8 8 8 8 2 1 0]        708587   1000
 51    0.183293    0.069914 [8 8 7 7 6 5 0 0]        340361   1000
 52    0.182470    0.069819 [8 8 8 6 3 8 1 0]       1028618   1000
 53    0.182623    0.071579 [8 8 3 8 8 7 0 0]        471986   1000
 54    0.181373    0.067656 [8 7 6 2 4 8 4 1]       7409384   1000
 55    0.182879    0.073701 [8 7 5 5 6 6 2 0]       1460663   1000
 56    0.183399    0.072818 [8 7 2 8 7 6 2 0]       1469168   1000
 57    0.183254    0.069263 [8 2 7 6 7 8 2 0]       1586168   1000
 58    0.183440    0.071847 [8 7 2 6 8 7 2 0]       1533320   1000
 59    0.183389    0.067185 [8 7 2 6 7 8 2 0]       1585808   1000
 60    0.183428    0.070054 [8 5 8 7 8 4 1 0]        825929   1000
 61    0.183426    0.072990 [8 1 8 8 7 7 2 0]       1528649   1000
 62    0.183403    0.063235 [8 7 8 2 7 6 2 0]       1465280   1000
 63    0.183317    0.068225 [8 2 7 6 8 7 2 0]       1533680   1000
 64    0.183246    0.070535 [8 7 6 7 8 5 0 0]        353393   1000
 65    0.182230    0.071277 [8 7 8 7 1 5 4 0]       2433392   1000
 66    0.183056    0.067499 [8 8 7 7 4 3 3 0]       1803464   1000
 67    0.183067    0.068618 [8 7 7 6 1 8 3 0]       2078288   1000
 68    0.183081    0.071444 [8 8 5 8 8 4 1 0]        826442   1000
 69    0.182580    0.072344 [8 7 7 4 4 8 2 0]       1565072   1000
 70    0.183148    0.075280 [8 7 6 6 7 5 1 0]        877544   1000
 71    0.183024    0.070618 [8 1 8 6 7 7 3 0]       2058632   1000
 72    0.183258    0.072376 [8 2 7 7 6 8 2 0]       1580336   1000
 73    0.183465    0.062271 [8 8 8 8 6 3 1 0]        754514   1000
 74    0.182771    0.070240 [8 6 6 2 7 7 3 0]       2055599   1000
 75    0.183258    0.069297 [8 2 7 7 6 8 2 0]       1580336   1000
 76    0.183030    0.072842 [8 7 1 6 8 7 3 0]       2064680   1000
 77    0.183399    0.071890 [8 7 2 8 7 6 2 0]       1469168   1000
 78    0.183379    0.066249 [8 7 7 8 7 3 1 0]        760985   1000
 79    0.183503    0.068981 [8 6 8 6 7 3 2 0]       1291040   1000
 80    0.183173    0.066529 [8 8 4 7 7 4 2 0]       1350512   1000
 81    0.183422    0.074270 [8 6 8 8 6 4 1 0]        813545   1000
 82    0.183149    0.072157 [8 8 6 5 8 5 1 0]        883385   1000
 83    0.182895    0.067871 [8 5 8 6 5 7 1 0]        982664   1000
 84    0.181186    0.064690 [8 6 1 4 7 8 5 1]       7961552   1000
 85    0.182851    0.069617 [8 7 8 5 7 6 0 0]        404585   1000
 86    0.182178    0.062897 [8 8 0 7 6 7 4 0]       2583656   1000
 87    0.183343    0.067251 [8 8 1 7 7 8 2 0]       1586465   1000
 88    0.183491    0.068453 [8 8 8 5 7 4 1 0]        817937   1000
 89    0.183387    0.067932 [8 8 1 7 8 7 2 0]       1533977   1000
 90    0.182816    0.074327 [8 5 6 5 8 7 1 0]       1001456   1000
 91    0.183113    0.071552 [8 4 3 8 8 8 2 0]       1593881   1000
 92    0.182376    0.079135 [8 5 8 5 5 7 2 0]       1513376   1000
 93    0.183517    0.072556 [8 8 7 8 1 7 2 0]       1489265   1000
 94    0.182839    0.072607 [8 6 8 6 7 2 3 0]       1763432   1000
 95    0.182658    0.069878 [8 5 6 6 6 8 1 0]       1048112   1000
 96    0.183138    0.078904 [8 7 8 6 5 4 2 0]       1336976   1000
 97    0.183174    0.073652 [8 7 8 8 7 4 0 0]        288674   1000
 98    0.182356    0.069618 [8 3 3 6 8 8 4 0]       2655296   1000
 99    0.183473    0.067145 [8 6 8 8 7 2 2 0]       1233449   1000
